20190814
20190726
20190726
20190723
20190723
20190722
20190612
20190611
20181228
20181227
20190103
20190102
20190102
20181229
20181230
20181227
20181231
20181228
20190103
20190103
20190104
20190105
20190106
20190108
20190112
20190117
20190120
20190121
20190121
20190121
20190124
20190126
20190127
20190128
20190128
20190129
20190129
20190131
20190201
20190201
20190203
20190206
20190207
20190208
20190208
20190210
20190216
20190224
20190310
20190314
20190315
20190325
20190328
20190329
20190329
20190331
20190331
20190401
20190402
20190404
20190405
20190406
20190411
20190417
20190417
20190421
20190501
20190507
20190515
20190602
20190703
20190706
20190706
20190708
20190708
20190708
20190710
20190713
20190722
20190815
20190815
20190815
